# The modifications of the output file from Kalibr:
# 1. For each matrix (e.g. cam0/T_cam_imu), remove the brackets and minus sign for each line. Use one pair of brackets for each matrix.
# 2. Add the T_imu_body at the end of the calibration file (usually set to identity).
cam0:
  T_cam_imu:
    [0.00741782,   -0.99988674,   0.01309531,  0.00416013,
     -0.00982635,  -0.01316792,  -0.99986502, -0.01410818,
     0.99992421,    0.00728814,  -0.00992291, -0.0311931,
     0.0,           0.0,          0.0,         1.000000000000]
  camera_model: pinhole
  distortion_coeffs: [0, 0., 0.0, 0]
  distortion_model: radtan
  intrinsics: [384.484, 384.484, 316.198, 234.772]
  resolution: [640, 480]
  timeshift_cam_imu: 0.0
  rostopic: /camera/infra1/image_rect_raw
cam1:
  T_cam_imu:
    [0.00741782,   -0.99988674,  0.01309531,   -0.04584277,
     -0.00982635,  -0.01316792,  -0.99986502,  -0.01410818,
     0.99992421,   0.00728814,   -0.00992291,  -0.0311931,
     0,   0,  0,   1.000000000000000]
  T_cn_cnm1:
    [1,   0.0,   0,  -0.0500029,
     0,     1,   0,   0,
     0,     0,   1,   0.0,
     0,     0,   0,   1.000]
  camera_model: pinhole
  distortion_coeffs: [0,  0.0, 0.0, 0]
  distortion_model: radtan
  intrinsics: [384.484, 384.484, 316.198, 234.772]
  resolution: [640, 480]
  timeshift_cam_imu: 0.0
  rostopic: /camera/infra2/image_rect_raw
T_imu_body:
  [1.0000, 0.0000, 0.0000, 0.0000,
  0.0000, 1.0000, 0.0000, 0.0000,
  0.0000, 0.0000, 1.0000, 0.0000,
  0.0000, 0.0000, 0.0000, 1.0000]
